0 0 0.20213651 0.0567937
0 20 0.234070615 0.0479868
0 40 0.244363418 0.0456216
0 60 0.23985878 0.0459213
0 80 0.23926392 0.0467467
0 100 0.25047445 0.0463585
0 120 0.23700269 0.0457565
0 140 0.23280969 0.0446913
0 160 0.22033172 0.0444726
0 180 0.22513905 0.0436046
0 200 0.22454015 0.0467673
0 220 0.226203095 0.0473938
0 240 0.224117167 0.0467321
0 260 0.226467078 0.0453372
0 280 0.214550218 0.0432736
0 300 0.23438092 0.0438415
0 320 0.224840807 0.0468903
0 340 0.21437103 0.047427
0 360 0.22571392 0.0473264
0 380 0.225165863 0.0545833
20 0 0.224178518 0.0540905
20 20 0.254015105 0.0473537
20 40 0.284450667 0.0456195
20 60 0.257537995 0.0448909
20 80 0.28431322 0.047166
20 100 0.259299955 0.0451401
20 120 0.25235655 0.0446393
20 140 0.266020175 0.0450553
20 160 0.243687833 0.04317
20 180 0.256015072 0.0442286
20 200 0.24408809 0.0494266
20 220 0.238355485 0.0461072
20 240 0.244947465 0.0438609
20 260 0.242844033 0.0445767
20 280 0.252719727 0.0440701
20 300 0.237482197 0.0443257
20 320 0.250839382 0.0437347
20 340 0.252635987 0.0438891
20 360 0.25029182 0.0442886
20 380 0.243973255 0.0502243
40 0 0.233475453 0.0509342
40 20 0.261703505 0.0478508
40 40 0.27481145 0.0460454
40 60 0.267187507 0.0466381
40 80 0.262136523 0.0458851
40 100 0.242002705 0.0446357
40 120 0.26492439 0.0445751
40 140 0.25513977 0.0444659
40 160 0.242348207 0.0448794
40 180 0.262326457 0.0462427
40 200 0.245494275 0.0460948
40 220 0.24418036 0.0455852
40 240 0.244826177 0.0441609
40 260 0.253145838 0.0429581
40 280 0.245367365 0.0445783
40 300 0.260379105 0.0458444
40 320 0.249611515 0.0467508
40 340 0.245030368 0.0442882
40 360 0.24426804 0.0432228
40 380 0.244026752 0.0438679
60 0 0.22497863 0.0507811
60 20 0.258717682 0.0451415
60 40 0.251245235 0.0449899
60 60 0.2622451 0.0450574
60 80 0.263808247 0.0458361
60 100 0.23285885 0.0433387
60 120 0.239251895 0.0434736
60 140 0.247382017 0.0462186
60 160 0.23508919 0.044127
60 180 0.23857953 0.0445578
60 200 0.232032605 0.0436549
60 220 0.247084992 0.0439354
60 240 0.24663465 0.0445805
60 260 0.269601692 0.0461719
60 280 0.24262409 0.0447782
60 300 0.263986428 0.0454988
60 320 0.243119785 0.0467198
60 340 0.254337135 0.0460127
60 360 0.25216221 0.0466325
60 380 0.245561693 0.0470337
80 0 0.235911905 0.0473991
80 20 0.26646846 0.045182
80 40 0.250302965 0.044193
80 60 0.271873905 0.0458073
80 80 0.271435675 0.0468009
80 100 0.25543747 0.0448674
80 120 0.249740545 0.044017
80 140 0.253749132 0.0443677
80 160 0.258155217 0.0469953
80 180 0.24743997 0.0448219
80 200 0.229557465 0.0433411
80 220 0.241878595 0.0460326
80 240 0.257588288 0.0453454
80 260 0.2581498 0.0457177
80 280 0.24830469 0.0448511
80 300 0.258251985 0.0455754
80 320 0.255584527 0.0471052
80 340 0.2451741 0.0433184
80 360 0.23864444 0.0442413
80 380 0.255774228 0.0454384
100 0 0.226752043 0.0461608
100 20 0.249144508 0.0441013
100 40 0.25496357 0.0447665
100 60 0.270965413 0.0438554
100 80 0.25742692 0.0450973
100 100 0.25865727 0.0467271
100 120 0.270382005 0.0466149
100 140 0.237626708 0.0463116
100 160 0.258655272 0.0461798
100 180 0.24486545 0.0454546
100 200 0.241160845 0.0454337
100 220 0.260586355 0.0458665
100 240 0.267305365 0.0458606
100 260 0.246960243 0.0457474
100 280 0.251746963 0.0451086
100 300 0.255379145 0.0460888
100 320 0.266493967 0.0461749
100 340 0.246363565 0.0439078
100 360 0.23682659 0.0421722
100 380 0.25278354 0.0436369
120 0 0.227475183 0.0453486
120 20 0.24670571 0.0440338
120 40 0.25158793 0.0432541
120 60 0.250189887 0.0441828
120 80 0.238797215 0.0442866
120 100 0.249811737 0.0457587
120 120 0.262033305 0.0471312
120 140 0.250695175 0.0467778
120 160 0.25131294 0.046675
120 180 0.253778738 0.0460081
120 200 0.25231701 0.0448977
120 220 0.244996533 0.0429723
120 240 0.249435702 0.0450936
120 260 0.243873672 0.0441772
120 280 0.255491028 0.0446085
120 300 0.254481695 0.045358
120 320 0.250343935 0.0441933
120 340 0.245043503 0.0429683
120 360 0.25075445 0.0455756
120 380 0.24467946 0.0459362
140 0 0.22269682 0.0464137
140 20 0.2505728 0.0442847
140 40 0.248123805 0.0451631
140 60 0.265228982 0.0447612
140 80 0.249860395 0.0460681
140 100 0.238298217 0.0486952
140 120 0.25738084 0.049419
140 140 0.239458995 0.0535917
140 160 0.235758328 0.049067
140 180 0.238266317 0.0448075
140 200 0.246471265 0.0440576
140 220 0.252902145 0.0465735
140 240 0.243449335 0.0456174
140 260 0.239449105 0.045408
140 280 0.259155515 0.0485451
140 300 0.261270612 0.0457394
140 320 0.246958663 0.0423653
140 340 0.263756492 0.0449244
140 360 0.248169625 0.0446632
140 380 0.252888705 0.0447455
