<grid>
0.582677
(16540, 22836),(18740, 22804)
(19284, 22836),(20000, 22804)
(15964, 23220),(16276, 23188)
(17492, 22932),(18114, 22836)
(18444, 22932),(18464, 22836)
(18716, 22868),(18740, 22836)
(19284, 22868),(20000, 22836)
(16276, 23284),(16284, 23188)
(16284, 23284),(16370, 23124)
(16370, 23284),(16630, 23188)
(16630, 23284),(17244, 23124)
(17164, 22964),(17324, 22932)
(17244, 23284),(17258, 23060)
(17258, 23284),(17410, 23124)
(17324, 23028),(18218, 22932)
(17410, 23284),(17666, 23188)
(17666, 23284),(18044, 23252)
(17964, 23156),(18044, 23124)
(18044, 23284),(18130, 23124)
(18130, 23284),(18388, 23188)
(18218, 22964),(18444, 22932)
(18388, 23284),(18684, 23124)
(18444, 22964),(18716, 22932)
(18684, 23284),(18836, 23060)
(18716, 22964),(18836, 22932)
(18716, 22932),(18836, 22868)
(18836, 23284),(19778, 22868)
(19778, 23284),(20000, 23188)
(19778, 23092),(19970, 22868)
(19970, 23092),(20000, 22996)
(19970, 22900),(20000, 22868)
(17244, 25716),(17940, 25684)
(17940, 25780),(18298, 25684)
(18298, 25716),(19092, 25684)
(18580, 25588),(19092, 25556)
(19092, 25716),(19098, 25556)
(19098, 25716),(19860, 25684)
(19098, 25588),(19178, 25556)
(19254, 25844),(19860, 25812)
(19860, 25844),(19906, 25684)
(19906, 25844),(20000, 25748)
(19924, 25588),(20000, 25556)
(2708, 27444),(2898, 27412)
(4603, 29492),(4897, 29460)
(4924, 27444),(5290, 27412)
(5588, 27444),(5778, 27412)
(5780, 26804),(6099, 26772)
(5780, 30196),(6099, 30164)
(6403, 30196),(6722, 30164)
(6564, 30260),(6722, 30196)
(6722, 30260),(7768, 30228)
(7324, 25396),(7488, 25364)
(7764, 25076),(7810, 25044)
(8468, 25012),(8538, 25000)
(8732, 25204),(9858, 25172)
(8852, 33332),(9026, 33300)
(8980, 25012),(9498, 25000)
(9108, 35892),(9178, 35860)
(9012, 36468),(9218, 36436)
(9164, 36532),(9218, 36468)
(9218, 36532),(9738, 36500)
(9684, 23668),(9738, 23636)
(9748, 29364),(9859, 29332)
(10024, 23604),(10050, 23572)
(10030, 24564),(13826, 24532)
(10068, 25012),(10242, 25000)
(10204, 23732),(10242, 23700)
(10204, 24436),(10306, 24404)
(10260, 25140),(10648, 25108)
(10388, 23476),(10976, 23444)
(10388, 35892),(10672, 35860)
(10452, 33268),(10538, 33236)
(10604, 25012),(11978, 25000)
(10764, 24436),(11130, 24404)
(10844, 24308),(10882, 24276)
(10900, 25140),(10946, 25108)
(10939, 27572),(11218, 27540)
(11228, 23476),(11488, 23444)
(11324, 26356),(11792, 26324)
(11604, 23284),(11616, 23252)
(11644, 27508),(11654, 27476)
(11740, 23476),(13908, 23444)
(11868, 23284),(12930, 23252)
(11884, 27572),(12090, 27540)
(11988, 25076),(12272, 25044)
(11988, 26164),(12354, 26132)
(12204, 24820),(12482, 24788)
(12308, 25012),(12458, 24980)
(12316, 26036),(12680, 26004)
(12500, 24756),(14228, 24724)
(12436, 26292),(12994, 26260)
(12692, 26356),(12760, 26292)
(12764, 26164),(12802, 26132)
(13076, 23860),(13218, 23828)
(13084, 23668),(13122, 23636)
(13140, 23732),(13410, 23700)
(13164, 23604),(13658, 23572)
(12724, 30164),(12978, 30100)
(12444, 30196),(13619, 30164)
(12444, 30228),(13178, 30196)
(8020, 30260),(13178, 30228)
(8020, 30292),(9154, 30260)
(7828, 30324),(9154, 30292)
(11348, 30324),(11808, 30260)
(12532, 25076),(13418, 25044)
(12628, 25140),(13418, 25076)
(13418, 25140),(13762, 25108)
(13751, 25204),(13762, 25140)
(13762, 25204),(14816, 25172)
(13923, 30196),(14082, 30164)
(14100, 23604),(14138, 23572)
(14168, 23476),(14914, 23444)
(14479, 24564),(15234, 24532)
(14484, 24436),(14538, 24404)
(15332, 25524),(15498, 25492)
(15380, 25076),(15498, 25044)
(15444, 23732),(15578, 23700)
(15508, 24564),(16288, 24532)
(15572, 25460),(15818, 25428)
(15700, 23156),(15938, 23124)
(15564, 25588),(15892, 25556)
(15892, 25588),(15960, 25492)
(15960, 25588),(16194, 25556)
(14084, 30260),(15324, 30228)
(15324, 30260),(15604, 30164)
(15604, 30260),(15858, 30100)
(15858, 30196),(16499, 30164)
(15858, 30260),(16058, 30196)
(16116, 25396),(16338, 25364)
(16212, 25524),(16618, 25492)
(16684, 34484),(16938, 34452)
(11919, 24148),(13344, 24084)
(13596, 24116),(16688, 24084)
(10924, 24180),(11732, 24148)
(13596, 24148),(14192, 24116)
(14452, 24180),(15210, 24116)
(15508, 24180),(16210, 24116)
(11382, 24436),(11860, 24404)
(16468, 24148),(16688, 24116)
(11732, 24180),(14192, 24148)
(16468, 24180),(16770, 24148)
(11732, 24244),(11738, 24180)
(13588, 24212),(14192, 24180)
(14548, 24212),(15210, 24180)
(11860, 24436),(11964, 24340)
(11964, 24436),(13338, 24276)
(13338, 24372),(13588, 24276)
(13588, 24372),(13762, 24212)
(13762, 24308),(14296, 24212)
(14296, 24308),(14458, 24276)
(14548, 24244),(14932, 24212)
(14932, 24308),(15234, 24212)
(15234, 24244),(15418, 24212)
(16084, 24244),(16130, 24180)
(16524, 24244),(16770, 24180)
(16770, 24244),(16858, 24212)
(16724, 30676),(17178, 30612)
(16468, 30740),(17258, 30676)
(16372, 30772),(17666, 30740)
(17284, 22516),(17810, 22484)
(17812, 25396),(17820, 25364)
(16916, 25460),(17778, 25428)
(17084, 25524),(17410, 25460)
(17644, 25588),(17724, 25556)
(17724, 25588),(17778, 25460)
(17778, 25588),(17858, 25492)
(17858, 25588),(18218, 25556)
(17940, 22452),(17978, 22420)
(18004, 23860),(18114, 23828)
(18328, 39284),(18818, 39252)
(18644, 23860),(18690, 23828)
(18708, 25844),(19002, 25812)
(18780, 26676),(20000, 26644)
(18964, 39156),(19098, 39124)
(0, 25000),(1018, 20000)
(1018, 25000),(3522, 24724)
(1018, 24564),(3586, 24084)
(1018, 23924),(7042, 23444)
(1018, 23284),(10178, 22804)
(1018, 22644),(2032, 22164)
(1018, 22004),(8514, 21524)
(1018, 21364),(13762, 20884)
(1018, 20724),(20000, 20244)
(1018, 20084),(20000, 20000)
(2032, 22644),(2200, 22356)
(2032, 22260),(2292, 22164)
(2200, 22644),(2452, 22612)
(2200, 22516),(2292, 22356)
(2292, 22516),(2452, 22356)
(2292, 22356),(2452, 22164)
(2452, 22644),(3392, 22164)
(3392, 22644),(3570, 22356)
(3392, 22260),(3652, 22164)
(3522, 25000),(4284, 24916)
(3522, 24820),(4284, 24724)
(3570, 22644),(3860, 22612)
(3570, 22516),(3652, 22356)
(3586, 24564),(7404, 24468)
(3586, 24372),(5634, 24084)
(3652, 22516),(3860, 22356)
(3652, 22356),(3860, 22164)
(3860, 22644),(8962, 22164)
(4284, 25000),(6944, 24724)
(13762, 20980),(20000, 20884)
(5634, 24372),(7404, 24276)
(5634, 24180),(7320, 24084)
(13762, 21076),(14498, 20980)
(15084, 21076),(20000, 20980)
(13762, 21172),(20000, 21076)
(14444, 21268),(15018, 21172)
(15380, 21268),(20000, 21172)
(13762, 21300),(20000, 21268)
(13762, 21364),(14820, 21300)
(16788, 21364),(20000, 21300)
(8514, 21588),(14816, 21524)
(15068, 21588),(20000, 21524)
(8514, 21620),(20000, 21588)
(8514, 21716),(14618, 21620)
(6944, 25000),(7018, 24788)
(7018, 24948),(7178, 24788)
(7042, 23924),(9282, 23636)
(7042, 23540),(7170, 23444)
(7170, 23476),(10103, 23444)
(7178, 24948),(8468, 24916)
(15060, 21716),(15170, 21620)
(17164, 21684),(20000, 21620)
(18196, 21780),(20000, 21684)
(8514, 21748),(16778, 21716)
(8514, 21844),(13178, 21748)
(13780, 21812),(14210, 21748)
(14524, 21812),(14722, 21748)
(15484, 21780),(16778, 21748)
(15484, 21812),(20000, 21780)
(15484, 21844),(16218, 21812)
(16532, 21876),(20000, 21812)
(8514, 21876),(13442, 21844)
(15004, 21908),(16218, 21844)
(13404, 21908),(13442, 21876)
(19220, 21972),(20000, 21876)
(13404, 21972),(14338, 21908)
(14612, 21972),(14680, 21908)
(14932, 21940),(16298, 21908)
(14932, 21972),(15008, 21940)
(15260, 22004),(15298, 21940)
(15550, 21972),(16298, 21940)
(8514, 22004),(13404, 21972)
(13404, 22004),(14932, 21972)
(14932, 22004),(15008, 21972)
(15550, 22004),(16672, 21972)
(16924, 22004),(20000, 21972)
(8962, 22196),(13698, 22164)
(14036, 22196),(18100, 22164)
(18708, 22228),(20000, 22164)
(16020, 22228),(18100, 22196)
(16020, 22260),(20000, 22228)
(16980, 22356),(17218, 22260)
(18204, 22324),(19138, 22260)
(8962, 22356),(13570, 22292)
(13844, 22324),(15178, 22292)
(13844, 22356),(15098, 22324)
(18260, 22356),(19138, 22324)
(8962, 22388),(15098, 22356)
(16124, 22388),(17898, 22356)
(18260, 22388),(19258, 22356)
(8962, 22484),(13792, 22388)
(14052, 22452),(14978, 22388)
(16204, 22452),(17018, 22388)
(18644, 22484),(18818, 22388)
(14292, 22484),(14978, 22452)
(16204, 22484),(16834, 22452)
(8962, 22548),(14018, 22484)
(14292, 22516),(16834, 22484)
(18068, 22516),(20000, 22484)
(14292, 22548),(14786, 22516)
(18388, 22612),(19074, 22516)
(8962, 22580),(14292, 22548)
(14292, 22580),(14786, 22548)
(8962, 22644),(12994, 22580)
(13716, 22644),(14048, 22580)
(14300, 22612),(14786, 22580)
(14300, 22644),(15258, 22612)
(15572, 22644),(20000, 22612)
(10178, 22836),(12384, 22804)
(12636, 22868),(12738, 22804)
(14868, 22868),(14906, 22804)
(15158, 22836),(16288, 22804)
(10178, 22900),(11074, 22836)
(12284, 22868),(12384, 22836)
(15158, 22868),(15318, 22836)
(12284, 22900),(15318, 22868)
(10178, 22964),(10618, 22900)
(12628, 22964),(13658, 22900)
(14100, 22964),(14210, 22900)
(14524, 22996),(14618, 22900)
(15060, 22932),(15318, 22900)
(15060, 22964),(15618, 22932)
(15892, 22964),(16770, 22932)
(10178, 23060),(10538, 22964)
(12628, 22996),(13498, 22964)
(15060, 22996),(15258, 22964)
(15892, 22996),(15938, 22964)
(11284, 23060),(11658, 22996)
(12204, 23028),(13498, 22996)
(14228, 23060),(15060, 22996)
(15060, 23028),(15258, 22996)
(15644, 23028),(15938, 22996)
(12308, 23092),(12354, 23028)
(12606, 23092),(12674, 23028)
(12926, 23060),(13498, 23028)
(7178, 24820),(7196, 24788)
(7196, 24820),(8660, 24724)
(7320, 24116),(7572, 24084)
(7404, 24564),(7490, 24276)
(7490, 24564),(7698, 24404)
(7490, 24308),(7764, 24276)
(7572, 24180),(7878, 24084)
(7698, 24564),(8284, 24468)
(7764, 24372),(8284, 24276)
(7878, 24180),(8364, 24148)
(8284, 24564),(8364, 24276)
(8364, 24564),(8386, 24276)
(8364, 24276),(8386, 24148)
(8386, 24564),(8638, 24276)
(8386, 24180),(8532, 24148)
(8468, 25000),(8538, 24916)
(8532, 24180),(8638, 24084)
(8538, 24948),(8642, 24916)
(8638, 24564),(8642, 24084)
(8642, 24500),(8658, 24084)
(8658, 24500),(9070, 24468)
(8658, 24372),(9072, 24084)
(8660, 24884),(8932, 24724)
(8932, 24948),(8962, 24724)
(8962, 24948),(8978, 24788)
(15060, 23060),(15064, 23028)
(15644, 23060),(15682, 23028)
(10178, 23092),(11738, 23060)
(12926, 23092),(13578, 23060)
(13908, 23092),(15060, 23060)
(15060, 23124),(15064, 23060)
(15316, 23092),(15682, 23060)
(10178, 23188),(10298, 23092)
(10708, 23124),(11738, 23092)
(12948, 23156),(13418, 23092)
(14604, 23156),(14808, 23092)
(15316, 23124),(15338, 23092)
(10708, 23156),(11758, 23124)
(15060, 23156),(15338, 23124)
(10844, 23252),(10998, 23156)
(14604, 23188),(14698, 23156)
(15188, 23252),(15234, 23156)
(10178, 23220),(10434, 23188)
(14228, 23252),(14698, 23188)
(10444, 23284),(11140, 23252)
(13599, 23284),(15554, 23252)
(11164, 23604),(11714, 23572)
(11164, 23636),(11458, 23604)
(9282, 23700),(9338, 23636)
(10580, 23668),(11458, 23636)
(10924, 23700),(11458, 23668)
(9282, 23764),(9658, 23700)
(10924, 23764),(11578, 23700)
(9282, 23796),(9730, 23764)
(10804, 23796),(12162, 23764)
(9572, 23892),(9578, 23796)
(10804, 23828),(11498, 23796)
(10452, 23892),(11498, 23828)
(9282, 23924),(12802, 23892)
(9072, 24116),(10434, 24084)
(9072, 24180),(10178, 24116)
(9072, 24276),(9282, 24180)
(9572, 24212),(10178, 24180)
(9572, 24244),(10538, 24212)
(9572, 24276),(10434, 24244)
(9072, 24308),(9572, 24276)
(9572, 24308),(10434, 24276)
(9332, 24404),(9572, 24308)
(9572, 24372),(10114, 24308)
(9572, 24404),(9618, 24372)
(9244, 24468),(9572, 24404)
(9572, 24468),(9618, 24404)
(9070, 24500),(9572, 24468)
(9572, 24500),(9794, 24468)
(9070, 24564),(9154, 24500)
(9390, 24788),(9922, 24724)
(10350, 24756),(10900, 24724)
(10350, 24788),(10562, 24756)
(8978, 24820),(10562, 24788)
(9564, 24884),(9938, 24820)
(10524, 24852),(10562, 24820)
(10524, 24916),(10778, 24852)
(11540, 24884),(12162, 24852)
(9564, 24916),(9688, 24884)
(11540, 24916),(11818, 24884)
(8978, 24948),(9564, 24916)
(8980, 25000),(9498, 24948)
(9564, 24948),(9688, 24916)
(9940, 24948),(10840, 24916)
(11092, 24980),(11818, 24916)
(10068, 25000),(10242, 24948)
(10604, 25000),(10840, 24948)
(10840, 25000),(11978, 24980)
(19476, 39252),(20000, 39188)
(19127, 39284),(20000, 39252)
(19544, 28404),(19812, 28372)
(19812, 28404),(19972, 28308)
(19972, 28404),(20000, 28244)
(0, 40000),(1018, 25000)
(1018, 25204),(4134, 25000)
(4134, 25044),(7018, 25000)
(4134, 25076),(7098, 25044)
(4134, 25140),(6938, 25076)
(4948, 25204),(6938, 25140)
(6938, 25204),(8480, 25172)
(1018, 25844),(1880, 25364)
(1880, 25780),(2132, 25556)
(1880, 25460),(2080, 25364)
(2332, 25396),(7072, 25364)
(11092, 25428),(12244, 25364)
(12504, 25428),(13912, 25364)
(14164, 25428),(14616, 25364)
(14868, 25396),(15554, 25364)
(2332, 25428),(6938, 25396)
(14868, 25428),(15258, 25396)
(2080, 25460),(6938, 25428)
(7956, 25492),(9178, 25428)
(10196, 25460),(15258, 25428)
(2132, 25524),(6858, 25460)
(10196, 25492),(11138, 25460)
(12444, 25524),(13506, 25460)
(14364, 25524),(14594, 25460)
(15004, 25524),(15072, 25460)
(7764, 25556),(11138, 25492)
(2132, 25620),(2538, 25524)
(2924, 25556),(6858, 25524)
(12444, 25556),(12618, 25524)
(13076, 25556),(13506, 25524)
(2924, 25588),(12444, 25556)
(12444, 25588),(12618, 25556)
(13076, 25588),(14338, 25556)
(2924, 25620),(6402, 25588)
(9262, 25652),(11864, 25588)
(12116, 25652),(12218, 25588)
(13076, 25620),(13570, 25588)
(2132, 25652),(2924, 25620)
(2924, 25652),(6402, 25620)
(12820, 25684),(13570, 25620)
(14684, 25652),(15234, 25620)
(2132, 25844),(2138, 25652)
(2138, 25844),(2644, 25748)
(2644, 25716),(2924, 25652)
(2924, 25684),(6402, 25652)
(14804, 25684),(15234, 25652)
(2924, 25716),(7098, 25684)
(12692, 25716),(14552, 25684)
(14804, 25748),(15490, 25684)
(15884, 25748),(16112, 25684)
(16372, 25748),(16450, 25684)
(2644, 25844),(2648, 25716)
(2648, 25844),(2900, 25812)
(2900, 25844),(2924, 25716)
(2924, 25844),(7098, 25716)
(7098, 25844),(11842, 25748)
(12892, 25748),(14552, 25716)
(12132, 25812),(12640, 25748)
(12892, 25780),(17178, 25748)
(12892, 25812),(14872, 25780)
(11842, 25844),(12892, 25812)
(12892, 25844),(14872, 25812)
(15124, 25844),(15540, 25780)
(1018, 26484),(1824, 26004)
(1824, 26036),(4832, 26004)
(5084, 26036),(6972, 26004)
(7252, 26036),(12064, 26004)
(1824, 26100),(2392, 26036)
(2644, 26100),(3480, 26036)
(3732, 26068),(4832, 26036)
(5084, 26068),(6290, 26036)
(1824, 26420),(1890, 26100)
(1890, 26420),(2076, 26196)
(2076, 26484),(2196, 26196)
(2196, 26484),(2298, 26100)
(2298, 26484),(2626, 26324)
(6548, 26068),(6972, 26036)
(7252, 26068),(11158, 26036)
(3732, 26132),(6290, 26068)
(6548, 26100),(11158, 26068)
(2298, 26228),(2392, 26100)
(2392, 26228),(2644, 26132)
(2626, 26484),(3018, 26388)
(2644, 26132),(2882, 26100)
(3324, 26132),(3480, 26100)
(2644, 26228),(2684, 26132)
(2684, 26292),(2882, 26132)
(2882, 26292),(3084, 26196)
(3018, 26484),(3860, 26452)
(3084, 26356),(3202, 26196)
(3202, 26292),(3258, 26196)
(6548, 26132),(6658, 26100)
(7244, 26164),(8218, 26100)
(9940, 26196),(9986, 26100)
(10364, 26164),(11018, 26100)
(3324, 26164),(3732, 26132)
(3732, 26164),(6548, 26132)
(6548, 26164),(6658, 26132)
(3324, 26196),(3418, 26164)
(4116, 26228),(5442, 26164)
(6382, 26228),(6548, 26164)
(6548, 26196),(6658, 26164)
(7764, 26196),(8218, 26164)
(10364, 26196),(10754, 26164)
(3258, 26228),(3324, 26196)
(3324, 26228),(3418, 26196)
(6548, 26228),(7178, 26196)
(7764, 26228),(10364, 26196)
(10364, 26228),(10754, 26196)
(4820, 26292),(5378, 26228)
(8340, 26292),(8450, 26228)
(10124, 26292),(10364, 26228)
(10364, 26260),(10754, 26228)
(10364, 26292),(11098, 26260)
(3860, 26484),(3890, 26388)
(3890, 26484),(4180, 26452)
(3964, 26356),(4180, 26324)
(4180, 26484),(4820, 26324)
(4820, 26484),(4888, 26292)
(4888, 26484),(5140, 26388)
(5140, 26484),(5170, 26292)
(5170, 26484),(5460, 26388)
(5460, 26484),(6458, 26324)
(6458, 26484),(8444, 26388)
(8444, 26484),(8450, 26292)
(8450, 26484),(10058, 26324)
(10388, 26356),(11010, 26292)
(10058, 26484),(10290, 26388)
(12052, 26356),(12378, 26324)
(10580, 26452),(10898, 26356)
(10290, 26484),(10580, 26452)
(10580, 26484),(11860, 26452)
(11860, 26484),(11928, 26388)
(11928, 26484),(12180, 26452)
(12180, 26484),(12378, 26356)
(12378, 26484),(12458, 26388)
(12458, 26484),(12888, 26452)
(1018, 27124),(1880, 26644)
(1880, 27124),(2017, 26836)
(1880, 26740),(2132, 26644)
(2017, 27124),(2898, 26964)
(2017, 26868),(2132, 26836)
(2132, 26868),(2578, 26836)
(2132, 26836),(2136, 26644)
(2136, 26836),(2388, 26708)
(2388, 26836),(2400, 26644)
(2652, 26676),(4952, 26644)
(5212, 26676),(12290, 26644)
(2400, 26836),(2578, 26708)
(2578, 26804),(2652, 26708)
(2652, 26804),(2778, 26676)
(2778, 26804),(3219, 26772)
(2898, 27124),(3764, 27028)
(3363, 26932),(3764, 26900)
(3523, 26804),(3684, 26772)
(3684, 26804),(3714, 26676)
(3714, 26740),(4924, 26676)
(3764, 27124),(3844, 26900)
(3844, 27124),(4219, 26836)
(4219, 27124),(4299, 26900)
(4299, 27124),(4603, 26964)
(4603, 27124),(4897, 26900)
(4897, 27124),(5778, 26964)
(4924, 26804),(4952, 26676)
(4952, 26804),(5204, 26708)
(12724, 26708),(12768, 26644)
(13020, 26676),(15298, 26644)
(15612, 26676),(18528, 26644)
(5212, 26708),(5658, 26676)
(6564, 26708),(12290, 26676)
(5204, 26868),(5298, 26708)
(5298, 26868),(5458, 26836)
(5298, 26740),(5658, 26708)
(5778, 27124),(6644, 27028)
(6243, 26932),(6644, 26900)
(6403, 26804),(6564, 26772)
(6564, 26804),(6724, 26708)
(6644, 27124),(6724, 26900)
(6724, 27124),(7042, 26708)
(7042, 27124),(7179, 26900)
(7042, 26804),(7403, 26708)
(7179, 27124),(7483, 26964)
(7403, 26868),(7483, 26708)
(7483, 27124),(7640, 26708)
(7640, 27060),(7892, 26708)
(13020, 26708),(13178, 26676)
(14084, 26708),(15298, 26676)
(15612, 26708),(16058, 26676)
(16964, 26740),(18458, 26676)
(7892, 26740),(13178, 26708)
(14084, 26740),(16058, 26708)
(7892, 26804),(11522, 26740)
(12444, 26772),(13178, 26740)
(14084, 26772),(15072, 26740)
(15332, 26772),(16058, 26740)
(16964, 26772),(18032, 26740)
(18292, 26772),(18458, 26740)
(12444, 26804),(13619, 26772)
(13923, 26804),(15072, 26772)
(15332, 26804),(16499, 26772)
(16803, 26804),(18032, 26772)
(18292, 26804),(19458, 26772)
(7892, 26868),(8258, 26804)
(8623, 26868),(8698, 26804)
(11044, 26836),(11522, 26804)
(12444, 26836),(12978, 26804)
(14244, 26900),(14619, 26804)
(14923, 26836),(15072, 26804)
(15332, 26836),(15858, 26804)
(17124, 26900),(17282, 26804)
(17803, 26836),(18032, 26804)
(18764, 26836),(19458, 26804)
(11044, 26868),(12444, 26836)
(12444, 26868),(12978, 26836)
(14923, 26868),(15332, 26836)
(15332, 26868),(15858, 26836)
(17803, 26868),(18218, 26836)
(18764, 26900),(19578, 26836)
(7892, 27124),(7898, 26868)
(7898, 27124),(9044, 26964)
(11044, 26900),(12417, 26868)
(15003, 26964),(15297, 26868)
(9044, 27124),(9111, 26900)
(9111, 27124),(9363, 27028)
(17883, 26900),(18218, 26868)
(9363, 26964),(12417, 26900)
(13763, 26932),(14699, 26900)
(16643, 26932),(17579, 26900)
(17883, 26964),(18764, 26900)
(18764, 26932),(19937, 26900)
(14164, 26964),(14699, 26932)
(17044, 26964),(17579, 26932)
(18764, 26964),(19522, 26932)
(9363, 27124),(9377, 26964)
(9377, 27124),(11685, 27092)
(9377, 26996),(11685, 26964)
(11685, 27124),(12090, 26964)
(12090, 27124),(12342, 27092)
(12090, 26996),(12342, 26964)
(12342, 27124),(13298, 26964)
(13298, 27124),(14164, 27028)
(14164, 27124),(15003, 27028)
(14164, 27028),(15003, 26964)
(15003, 27124),(16178, 26964)
(16178, 27124),(17044, 27028)
(17044, 27124),(17883, 27028)
(17044, 27028),(17883, 26964)
(17883, 27124),(18764, 26964)
(18764, 27124),(19522, 26964)
(19522, 27124),(19812, 27028)
(19812, 27124),(19818, 26932)
(19818, 27124),(20000, 27028)
(1018, 27764),(1816, 27284)
(1816, 27316),(5058, 27284)
(7188, 27316),(15458, 27284)
(1816, 27764),(2017, 27476)
(17428, 27348),(18128, 27284)
(1816, 27380),(2068, 27316)
(2017, 27764),(2578, 27540)
(2068, 27444),(2178, 27316)
(2178, 27444),(2410, 27412)
(2578, 27764),(2778, 27604)
(2778, 27764),(3684, 27732)
(2778, 27636),(3219, 27604)
(3363, 27508),(3764, 27476)
(3523, 27636),(3684, 27604)
(3684, 27764),(3844, 27604)
(3764, 27508),(3844, 27412)
(3844, 27764),(3970, 27412)
(3970, 27764),(4523, 27604)
(3970, 27508),(4034, 27412)
(4034, 27508),(4299, 27476)
(4523, 27764),(4603, 27540)
(4603, 27764),(4897, 27476)
(4897, 27764),(5458, 27540)
(5458, 27764),(5658, 27604)
(5658, 27764),(6564, 27732)
(5658, 27636),(6099, 27604)
(6243, 27508),(6644, 27476)
(6403, 27636),(6564, 27604)
(6564, 27764),(6724, 27604)
(6644, 27508),(6724, 27412)
(6724, 27764),(6914, 27412)
(6914, 27764),(7403, 27604)
(6914, 27508),(7060, 27412)
(7060, 27508),(7179, 27348)
(7179, 27444),(7188, 27348)
(7188, 27444),(7483, 27316)
(7403, 27764),(7483, 27540)
(7483, 27764),(7658, 27316)
(7658, 27764),(8804, 27668)
(7658, 27572),(7850, 27316)
(7850, 27572),(8058, 27540)
(7850, 27444),(8102, 27316)
(8102, 27508),(8338, 27316)
(8338, 27444),(9084, 27316)
(8724, 27572),(8804, 27540)
(8804, 27764),(9084, 27540)
(9084, 27764),(9218, 27316)
(9218, 27764),(10936, 27604)
(9218, 27508),(9850, 27316)
(9850, 27508),(10102, 27412)
(10102, 27508),(10448, 27316)
(10448, 27444),(11266, 27316)
(10936, 27764),(12167, 27668)
(11266, 27380),(12444, 27316)
(12167, 27764),(12372, 27604)
(12192, 27508),(12372, 27476)
(12372, 27764),(12417, 27476)
(12417, 27764),(12610, 27540)
(12444, 27444),(12578, 27316)
(12578, 27444),(13298, 27412)
(12610, 27700),(12978, 27540)
(12978, 27700),(13002, 27604)
(13002, 27764),(13178, 27604)
(13178, 27764),(14084, 27732)
(13178, 27636),(13619, 27604)
(13763, 27508),(14164, 27476)
(13923, 27636),(14084, 27604)
(14084, 27764),(14244, 27604)
(14164, 27508),(14244, 27412)
(14244, 27764),(14484, 27412)
(14484, 27764),(14619, 27316)
(14619, 27764),(15072, 27604)
(14619, 27508),(14699, 27316)
(14699, 27444),(15003, 27316)
(15003, 27508),(15124, 27316)
(15072, 27764),(15332, 27668)
(15124, 27572),(15297, 27316)
(15297, 27572),(15332, 27540)
(15297, 27444),(15458, 27316)
(15332, 27764),(15858, 27540)
(15458, 27444),(16178, 27348)
(15858, 27764),(16058, 27604)
(16058, 27764),(16964, 27732)
(16058, 27636),(16499, 27604)
(16178, 27380),(17044, 27348)
(16643, 27508),(17044, 27476)
(16803, 27636),(16964, 27604)
(16964, 27764),(17124, 27604)
(17044, 27508),(17124, 27348)
(17124, 27764),(17282, 27348)
(17282, 27764),(18204, 27604)
(17282, 27508),(17410, 27348)
(17410, 27508),(17579, 27476)
(17410, 27380),(18444, 27348)
(17883, 27508),(18204, 27476)
(18204, 27764),(18378, 27476)
(18378, 27764),(18698, 27604)
(18378, 27508),(18444, 27476)
(18444, 27508),(18522, 27348)
(18522, 27444),(18782, 27348)
(18698, 27764),(19288, 27668)
(18782, 27508),(18882, 27348)
(18882, 27444),(18900, 27348)
(18900, 27444),(18912, 27284)
(19164, 27348),(20000, 27284)
(18912, 27380),(20000, 27348)
(18912, 27444),(19472, 27380)
(19732, 27444),(20000, 27380)
(19172, 27508),(19404, 27444)
(19288, 27764),(19540, 27732)
(19404, 27572),(19472, 27444)
(19472, 27572),(19732, 27476)
(19732, 27476),(19937, 27444)
(19732, 27540),(19937, 27476)
(19732, 27572),(20000, 27540)
(19540, 27764),(19608, 27668)
(19608, 27764),(19860, 27732)
(19860, 27764),(19964, 27668)
(19964, 27764),(20000, 27572)
(1018, 28404),(1898, 27924)
(1898, 28404),(2260, 28308)
(1898, 28212),(2017, 27924)
(2017, 28148),(2178, 27924)
(2178, 28148),(2578, 27988)
(2260, 28404),(2898, 28244)
(4116, 27988),(4960, 27924)
(2578, 28084),(2778, 27988)
(2778, 28084),(3219, 28052)
(2898, 28404),(3764, 28308)
(3363, 28212),(3764, 28180)
(3540, 28084),(3684, 28052)
(3684, 28084),(3844, 27988)
(3764, 28404),(3844, 28180)
(3844, 28404),(4034, 27988)
(4034, 28404),(4299, 28180)
(4034, 28084),(4523, 27988)
(4299, 28404),(4603, 28244)
(4523, 28148),(4603, 27988)
(4603, 28404),(4672, 27988)
(4672, 28404),(4897, 28116)
(4672, 28020),(4932, 27988)
(4897, 28404),(5778, 28244)
(5212, 27988),(5268, 27924)
(5528, 27956),(10971, 27924)
(12162, 27988),(12938, 27924)
(13652, 27956),(15458, 27924)
(17428, 27988),(20000, 27924)
(5528, 27988),(5658, 27956)
(6564, 28052),(10971, 27956)
(14084, 27988),(15458, 27956)
(4932, 28052),(5658, 27988)
(12162, 28052),(13178, 27988)
(14084, 28052),(16058, 27988)
(16964, 28020),(20000, 27988)
(16964, 28052),(19578, 28020)
(4932, 28084),(6099, 28052)
(6420, 28084),(10971, 28052)
(12162, 28084),(13619, 28052)
(13923, 28084),(16499, 28052)
(16803, 28084),(19578, 28052)
(4932, 28116),(5458, 28084)
(6724, 28180),(6914, 28084)
(7403, 28148),(8488, 28084)
(4897, 28148),(4932, 28116)
(4932, 28148),(5458, 28116)
(5778, 28404),(6644, 28308)
(6243, 28212),(6644, 28180)
(6644, 28404),(7179, 28180)
(7179, 28404),(7483, 28244)
(7483, 28404),(7658, 28148)
(7658, 28404),(7700, 28244)
(8483, 28404),(10324, 28244)
(8964, 28148),(8978, 28084)
(10324, 28404),(10434, 28180)
(10434, 28404),(12444, 28308)
(10604, 28180),(10777, 28084)
(10434, 28212),(11964, 28180)
(12162, 28116),(12978, 28084)
(11964, 28212),(12417, 28116)
(12417, 28148),(12978, 28116)
(12444, 28404),(12578, 28244)
(12578, 28340),(13298, 28244)
(13298, 28340),(14164, 28308)
(13763, 28212),(14164, 28180)
(14164, 28340),(14244, 28180)
(14244, 28340),(14338, 28084)
(14923, 28148),(15858, 28084)
(14338, 28340),(14699, 28180)
(14699, 28340),(14868, 28244)
(14868, 28404),(15003, 28244)
(15003, 28404),(15072, 28148)
(15072, 28404),(15332, 28308)
(15072, 28212),(15297, 28148)
(15332, 28404),(16178, 28244)
(16178, 28404),(17044, 28308)
(16643, 28212),(17044, 28180)
(17044, 28404),(17124, 28180)
(17124, 28404),(17218, 28084)
(17218, 28404),(17579, 28180)
(17803, 28116),(19578, 28084)
(17803, 28148),(20000, 28116)
(17883, 28244),(19242, 28148)
(17579, 28404),(17883, 28244)
(17883, 28404),(19284, 28244)
(19284, 28340),(19522, 28244)
(19604, 28212),(19937, 28148)
(19604, 28244),(19712, 28212)
(19522, 28276),(19604, 28244)
(19604, 28276),(19712, 28244)
(1018, 29044),(1890, 28564)
(1890, 28596),(5954, 28564)
(1890, 28660),(5058, 28596)
(1890, 28724),(2898, 28660)
(3764, 28724),(4696, 28660)
(1890, 29044),(2170, 28948)
(1890, 28852),(2017, 28724)
(2017, 28852),(2196, 28820)
(4948, 28692),(5058, 28660)
(4948, 28724),(5778, 28692)
(3764, 28756),(4299, 28724)
(4603, 28756),(4696, 28724)
(3363, 28788),(4299, 28756)
(4603, 28820),(4897, 28756)
(3844, 28884),(3970, 28788)
(2196, 28884),(2578, 28820)
(4523, 28884),(5458, 28820)
(2196, 28916),(3219, 28884)
(3523, 28916),(6099, 28884)
(2196, 28948),(2418, 28916)
(3684, 28980),(5658, 28916)
(2170, 28980),(2196, 28948)
(2196, 28980),(2418, 28948)
(3684, 29012),(5414, 28980)
(2452, 29044),(5414, 29012)
(1018, 29684),(1816, 29204)
(1816, 29236),(11618, 29204)
(12308, 29236),(20000, 29204)
(1816, 29332),(2778, 29236)
(3684, 29332),(5658, 29236)
(6564, 29300),(9418, 29236)
(10324, 29268),(11618, 29236)
(12308, 29268),(13178, 29236)
(14084, 29332),(16058, 29236)
(16964, 29332),(17922, 29236)
(18324, 29332),(20000, 29236)
(10324, 29300),(11832, 29268)
(12092, 29300),(13178, 29268)
(6564, 29332),(8298, 29300)
(1816, 29684),(2068, 29588)
(1816, 29492),(2017, 29332)
(2017, 29428),(2578, 29332)
(8964, 29396),(9058, 29300)
(10324, 29332),(11498, 29300)
(12756, 29332),(13178, 29300)
(2578, 29364),(3219, 29332)
(3540, 29364),(6099, 29332)
(6403, 29364),(8298, 29332)
(10163, 29364),(11498, 29332)
(12756, 29364),(13619, 29332)
(13923, 29364),(16499, 29332)
(16803, 29364),(20000, 29332)
(3844, 29460),(4219, 29364)
(5204, 29428),(5458, 29364)
(6724, 29460),(7099, 29364)
(10484, 29460),(10859, 29364)
(12756, 29396),(12978, 29364)
(14244, 29460),(14338, 29364)
(14923, 29428),(15858, 29364)
(17124, 29460),(17218, 29364)
(17803, 29428),(18058, 29364)
(18444, 29428),(20000, 29364)
(8468, 29428),(9218, 29396)
(2068, 29684),(2080, 29524)
(2080, 29620),(2332, 29524)
(2332, 29684),(2392, 29524)
(2392, 29684),(2644, 29588)
(2644, 29684),(2898, 29524)
(2898, 29684),(3771, 29588)
(3363, 29492),(3771, 29460)
(3771, 29684),(4098, 29460)
(4098, 29684),(4924, 29588)
(4098, 29492),(4299, 29460)
(4924, 29684),(5272, 29524)
(5272, 29684),(5524, 29588)
(5524, 29684),(5778, 29524)
(5778, 29684),(6651, 29588)
(6243, 29492),(6651, 29460)
(6651, 29684),(7179, 29460)
(7179, 29684),(7483, 29524)
(7483, 29684),(7898, 29460)
(7898, 29684),(7978, 29524)
(7978, 29684),(8368, 29652)
(7978, 29556),(8340, 29524)
(8340, 29556),(8432, 29460)
(11796, 29460),(11818, 29396)
(12308, 29428),(12978, 29396)
(8468, 29460),(8657, 29428)
(8432, 29492),(8657, 29460)
(12308, 29460),(12417, 29428)
(15003, 29492),(15297, 29428)
(17883, 29460),(18058, 29428)
(18444, 29460),(19937, 29428)
(10003, 29492),(10882, 29460)
(11243, 29492),(12417, 29460)
(13763, 29492),(14699, 29460)
(16643, 29492),(17579, 29460)
(17883, 29524),(18444, 29460)
(18444, 29492),(19937, 29460)
(10404, 29524),(10882, 29492)
(8692, 29556),(8788, 29524)
(8788, 29620),(9538, 29524)
(9538, 29620),(9812, 29588)
(9812, 29684),(10404, 29588)
(10404, 29684),(11243, 29524)
(11243, 29684),(11330, 29492)
(11330, 29684),(12444, 29588)
(14164, 29524),(14699, 29492)
(17044, 29524),(17579, 29492)
(18444, 29524),(19712, 29492)
(12444, 29588),(13298, 29524)
(14164, 29588),(14722, 29524)
(15324, 29588),(16178, 29524)
(17044, 29588),(17883, 29524)
(17883, 29588),(18444, 29524)
(18444, 29588),(19712, 29524)
(12444, 29684),(12472, 29588)
(12472, 29620),(12732, 29588)
(12732, 29684),(14164, 29588)
(14164, 29684),(15448, 29588)
(15448, 29620),(15700, 29588)
(15700, 29684),(17044, 29588)
(17044, 29684),(17883, 29588)
(17883, 29684),(18444, 29588)
(18444, 29684),(19972, 29588)
(19972, 29684),(20000, 29524)
(1018, 30324),(1952, 29844)
(1952, 30324),(2178, 30036)
(1952, 29940),(2016, 29844)
(2268, 29876),(20000, 29844)
(2268, 29908),(3338, 29876)
(6868, 29940),(12058, 29876)
(14740, 29940),(20000, 29876)
(2016, 29940),(3338, 29908)
(2178, 30324),(2208, 30100)
(2208, 30260),(2298, 30100)
(2212, 30004),(2306, 29940)
(2684, 29972),(3338, 29940)
(6868, 29972),(8250, 29940)
(2298, 30260),(2460, 30164)
(2460, 30324),(2610, 30164)
(8502, 30036),(8642, 29940)
(9244, 30036),(11458, 29940)
(14740, 29972),(16178, 29940)
(17044, 30004),(18058, 29940)
(18580, 30004),(20000, 29940)
(2684, 30004),(4538, 29972)
(6644, 30004),(8250, 29972)
(12124, 30004),(13298, 29972)
(14164, 30004),(16178, 29972)
(3022, 30068),(4202, 30004)
(2610, 30324),(2900, 30292)
(2610, 30196),(2900, 30164)
(2900, 30324),(3084, 30164)
(3084, 30324),(3224, 30068)
(3224, 30324),(3476, 30164)
(3476, 30324),(3522, 30068)
(3522, 30324),(3978, 30164)
(3978, 30324),(4272, 30228)
(4044, 30132),(4202, 30068)
(4202, 30132),(4308, 30100)
(4272, 30324),(4532, 30292)
(4308, 30196),(4500, 30100)
(4500, 30196),(4532, 30004)
(4532, 30324),(4538, 30004)
(6644, 30036),(7179, 30004)
(7483, 30036),(8250, 30004)
(12124, 30036),(12417, 30004)
(14164, 30036),(14699, 30004)
(15003, 30068),(15297, 30004)
(17044, 30036),(17579, 30004)
(17883, 30036),(18058, 30004)
(18580, 30036),(19522, 30004)
(4538, 30100),(4897, 30036)
(6243, 30068),(7179, 30036)
(7483, 30068),(12417, 30036)
(13763, 30068),(14699, 30036)
(16643, 30068),(17579, 30036)
(17883, 30068),(18580, 30036)
(18580, 30068),(19522, 30036)
(6724, 30132),(7099, 30068)
(7483, 30100),(7658, 30068)
(8044, 30132),(8138, 30068)
(8524, 30132),(11650, 30068)
(14244, 30132),(14619, 30068)
(17124, 30132),(17499, 30068)
(19284, 30132),(19330, 30068)
(4538, 30132),(5458, 30100)
(7403, 30132),(7658, 30100)
(4538, 30324),(4546, 30132)
(4924, 30228),(5298, 30132)
(4546, 30324),(4608, 30228)
(4608, 30260),(4924, 30228)
(4924, 30260),(5658, 30228)
(16803, 30196),(16964, 30164)
(16964, 30260),(17124, 30164)
(17124, 30260),(17282, 30132)
(17282, 30260),(20000, 30228)
(17428, 30324),(17602, 30260)
(18196, 30324),(20000, 30260)
(1018, 30964),(1824, 30484)
(2076, 30516),(12632, 30484)
(12884, 30548),(15568, 30484)
(2076, 30548),(7610, 30516)
(7892, 30548),(12632, 30516)
(1824, 30580),(7610, 30548)
(7892, 30580),(15818, 30548)
(1824, 30676),(4354, 30580)
(5244, 30612),(7610, 30580)
(7892, 30612),(8698, 30580)
(10324, 30676),(12482, 30580)
(12772, 30644),(15392, 30580)
(1824, 30964),(1880, 30676)
(1880, 30964),(2132, 30868)
(1880, 30772),(2132, 30676)
(2132, 30964),(5170, 30676)
(5170, 30964),(5460, 30932)
(5170, 30836),(5244, 30676)
(5244, 30836),(5460, 30676)
(5244, 30676),(5460, 30612)
(5460, 30964),(7498, 30612)
(7498, 30964),(7874, 30740)
(7498, 30644),(7884, 30612)
(7874, 30964),(8672, 30932)
(15652, 30612),(15818, 30580)
(7884, 30740),(7892, 30612)
(7892, 30676),(8698, 30612)
(15652, 30644),(16378, 30612)
(13004, 30740),(13978, 30644)
(15188, 30676),(15392, 30644)
(15884, 30708),(16216, 30644)
(7892, 30708),(12674, 30676)
(15188, 30708),(15554, 30676)
(7892, 30740),(8618, 30708)
(9244, 30740),(12674, 30708)
(15188, 30740),(15250, 30708)
(15508, 30740),(15554, 30708)
(15884, 30740),(16112, 30708)
(7874, 30836),(7884, 30740)
(7884, 30836),(7892, 30740)
(7892, 30836),(8618, 30740)
(9244, 30772),(15188, 30740)
(8618, 30836),(9244, 30804)
(8924, 30964),(10964, 30932)
(9244, 30836),(10324, 30804)
(9244, 30804),(10324, 30772)
(10324, 30836),(10964, 30772)
(10964, 30964),(12938, 30772)
(12938, 30964),(14274, 30868)
(14274, 30964),(14572, 30932)
(14572, 30964),(15328, 30868)
(15188, 30772),(15250, 30740)
(15328, 30900),(16322, 30868)
(15508, 30772),(15884, 30740)
(15884, 30772),(16112, 30740)
(1018, 31604),(2272, 31124)
(2272, 31604),(2532, 31508)
(2272, 31412),(2448, 31124)
(8660, 31156),(20000, 31124)
(14228, 31252),(20000, 31156)
(2448, 31252),(8298, 31188)
(2448, 31316),(10912, 31252)
(11172, 31316),(20000, 31252)
(2448, 31348),(20000, 31316)
(2448, 31412),(8112, 31348)
(2532, 31604),(8112, 31412)
(8372, 31444),(11074, 31348)
(14844, 31412),(20000, 31348)
(14924, 31508),(20000, 31412)
(8112, 31508),(14458, 31444)
(8112, 31540),(14488, 31508)
(14740, 31572),(20000, 31508)
(8112, 31604),(10976, 31540)
(11228, 31604),(14488, 31540)
(14488, 31604),(20000, 31572)
(1018, 31796),(20000, 31764)
(1018, 32244),(1922, 31796)
(1922, 32244),(2284, 31956)
(1922, 31860),(2218, 31796)
(2284, 32244),(11202, 31892)
(11476, 31860),(20000, 31796)
(11564, 31924),(20000, 31860)
(11564, 31956),(17978, 31924)
(11202, 32244),(11498, 31956)
(11498, 32244),(13972, 32212)
(19220, 32020),(19970, 31924)
(11498, 32116),(11564, 31956)
(11564, 32020),(17978, 31956)
(11564, 32052),(20000, 32020)
(11564, 32116),(18392, 32052)
(13972, 32244),(18392, 32116)
(18644, 32148),(20000, 32052)
(18392, 32244),(20000, 32148)
(1018, 32884),(3458, 32404)
(3458, 32436),(19842, 32404)
(3458, 32884),(4524, 32788)
(3458, 32692),(4440, 32436)
(4692, 32500),(12858, 32436)
(14868, 32532),(18178, 32436)
(18684, 32468),(19842, 32436)
(18684, 32532),(20000, 32468)
(4692, 32532),(6402, 32500)
(7564, 32564),(10968, 32500)
(11220, 32532),(12858, 32500)
(4440, 32692),(4692, 32532)
(4692, 32596),(6402, 32532)
(11220, 32596),(18684, 32532)
(18684, 32564),(20000, 32532)
(9164, 32596),(10968, 32564)
(18684, 32596),(19810, 32564)
(4692, 32660),(7490, 32596)
(9164, 32628),(11220, 32596)
(11220, 32628),(18684, 32596)
(18684, 32628),(19810, 32596)
(4524, 32884),(4692, 32692)
(4692, 32884),(9018, 32692)
(4692, 32692),(9018, 32660)
(9018, 32820),(9164, 32660)
(9164, 32820),(9258, 32660)
(9164, 32660),(9258, 32628)
(9876, 32724),(11220, 32628)
(11220, 32692),(18684, 32628)
(18684, 32660),(19810, 32628)
(18684, 32692),(20000, 32660)
(11220, 32724),(12672, 32692)
(12932, 32788),(18450, 32692)
(18708, 32788),(19792, 32692)
(9258, 32756),(11220, 32724)
(11220, 32756),(12672, 32724)
(9258, 32820),(9272, 32756)
(9532, 32820),(11220, 32756)
(11220, 32788),(12672, 32756)
(11220, 32820),(20000, 32788)
(9270, 32884),(9272, 32820)
(9532, 32852),(10976, 32820)
(11228, 32884),(20000, 32820)
(9272, 32884),(9532, 32852)
(9532, 32884),(10976, 32852)
(1018, 33524),(2690, 33044)
(2690, 33524),(8618, 33364)
(2690, 33268),(8778, 33044)
(8778, 33108),(11202, 33044)
(11454, 33076),(15264, 33044)
(15516, 33076),(20000, 33044)
(11454, 33108),(14992, 33076)
(8618, 33524),(8642, 33428)
(8642, 33460),(8894, 33428)
(8778, 33204),(10018, 33108)
(8894, 33524),(9620, 33428)
(9620, 33524),(9964, 33364)
(9964, 33524),(9986, 33300)
(9986, 33524),(10016, 33364)
(10016, 33460),(10268, 33364)
(10018, 33140),(10604, 33108)
(10268, 33524),(11484, 33364)
(10604, 33204),(11072, 33108)
(11072, 33140),(11332, 33108)
(11332, 33204),(11404, 33108)
(11404, 33268),(11484, 33108)
(11484, 33524),(13506, 33108)
(13506, 33524),(15724, 33300)
(13506, 33204),(14992, 33108)
(14992, 33204),(15252, 33172)
(15252, 33204),(15264, 33076)
(15516, 33108),(16514, 33076)
(16924, 33140),(17154, 33076)
(17564, 33140),(20000, 33076)
(15264, 33140),(16514, 33108)
(15264, 33204),(15362, 33140)
(15724, 33524),(15778, 33236)
(15778, 33524),(17748, 33492)
(15778, 33396),(16844, 33236)
(16844, 33396),(16924, 33172)
(16924, 33236),(16962, 33140)
(17804, 33236),(20000, 33140)
(16924, 33268),(20000, 33236)
(16924, 33396),(16938, 33268)
(17684, 33364),(20000, 33268)
(16938, 33396),(20000, 33364)
(17748, 33524),(20000, 33396)
(1018, 34164),(2352, 33684)
(2352, 33716),(20000, 33684)
(2352, 34164),(2612, 34068)
(2352, 33972),(2538, 33716)
(4244, 33812),(5378, 33716)
(7124, 33780),(20000, 33716)
(2538, 33972),(2612, 33812)
(2612, 34164),(4244, 33812)
(4244, 34164),(5634, 33812)
(5634, 34164),(7106, 33940)
(5634, 33844),(7124, 33812)
(7106, 34164),(7372, 34132)
(7106, 34036),(7372, 33940)
(7124, 33812),(7384, 33780)
(7636, 33844),(9010, 33780)
(9270, 33876),(9938, 33780)
(10524, 33844),(15362, 33780)
(17244, 33876),(20000, 33780)
(7124, 33844),(7384, 33812)
(10604, 33876),(15362, 33844)
(9044, 33940),(10114, 33876)
(10604, 33908),(20000, 33876)
(10604, 33940),(16458, 33908)
(7372, 34164),(7418, 33940)
(7418, 34100),(7670, 33940)
(7670, 34164),(8736, 33940)
(8736, 34100),(8834, 33940)
(8834, 34100),(8988, 34068)
(8834, 33972),(9044, 33940)
(8988, 34164),(9044, 34068)
(9044, 34100),(9244, 34068)
(9044, 33972),(9244, 33940)
(9244, 34100),(9304, 33940)
(9304, 34164),(9474, 33940)
(9474, 34164),(9884, 34068)
(9474, 33972),(9884, 33940)
(9884, 34164),(10144, 33940)
(10144, 34100),(10396, 33940)
(10396, 34164),(10604, 33940)
(10604, 34164),(16458, 33940)
(16458, 34164),(16528, 34004)
(16528, 34100),(16858, 34004)
(16858, 34100),(17556, 34068)
(17404, 33972),(17410, 33908)
(18444, 33972),(20000, 33908)
(17556, 34164),(18080, 34068)
(18332, 34132),(20000, 34068)
(18080, 34164),(20000, 34132)
(1018, 34804),(7320, 34324)
(7320, 34356),(20000, 34324)
(7320, 34420),(9410, 34356)
(9670, 34420),(13826, 34356)
(17324, 34420),(20000, 34356)
(7320, 34804),(7572, 34580)
(7320, 34484),(7618, 34420)
(8204, 34484),(8984, 34420)
(7572, 34804),(7618, 34484)
(7618, 34804),(7682, 34516)
(7682, 34804),(7828, 34580)
(7828, 34740),(8088, 34580)
(8088, 34804),(8284, 34580)
(8284, 34804),(8984, 34484)
(8984, 34804),(9026, 34516)
(9026, 34804),(9090, 34644)
(9236, 34516),(9338, 34420)
(9804, 34452),(13826, 34420)
(19540, 34516),(20000, 34420)
(9804, 34484),(16130, 34452)
(9804, 34516),(14594, 34484)
(9026, 34548),(9496, 34516)
(9748, 34580),(14594, 34516)
(17244, 34548),(20000, 34516)
(9090, 34804),(9364, 34772)
(9090, 34676),(9364, 34644)
(9364, 34804),(9404, 34644)
(9404, 34804),(9496, 34548)
(9496, 34612),(16002, 34580)
(9496, 34708),(15874, 34612)
(16444, 34676),(20000, 34644)
(9496, 34804),(9748, 34708)
(9748, 34804),(16444, 34708)
(16444, 34804),(17018, 34676)
(17556, 34772),(20000, 34676)
(17018, 34804),(20000, 34772)
(1018, 35444),(1952, 34964)
(2204, 35028),(14374, 34964)
(1952, 35444),(2212, 35156)
(14868, 35028),(15654, 34964)
(16340, 35028),(17184, 34964)
(17436, 35028),(20000, 34964)
(1952, 35060),(20000, 35028)
(2212, 35444),(8706, 35060)
(8706, 35156),(8938, 35060)
(10644, 35124),(12674, 35060)
(12932, 35124),(14722, 35060)
(17304, 35124),(20000, 35060)
(10644, 35156),(12098, 35124)
(8706, 35444),(9164, 35412)
(8706, 35316),(9164, 35156)
(9164, 35444),(10644, 35156)
(10644, 35444),(11650, 35156)
(11650, 35444),(12546, 35284)
(11650, 35188),(12098, 35156)
(12546, 35444),(12852, 35348)
(14524, 35156),(14722, 35124)
(12684, 35188),(12858, 35156)
(14524, 35220),(15320, 35156)
(12764, 35252),(12852, 35188)
(12852, 35444),(12858, 35188)
(12858, 35444),(15298, 35220)
(15298, 35444),(15498, 35348)
(15298, 35252),(15572, 35220)
(15498, 35444),(17812, 35412)
(15572, 35252),(15578, 35156)
(15578, 35252),(16938, 35220)
(17484, 35284),(20000, 35220)
(15804, 35316),(16938, 35252)
(16938, 35316),(20000, 35284)
(17812, 35444),(20000, 35316)
(1018, 36084),(7178, 35604)
(7178, 35668),(8416, 35604)
(8668, 35636),(15654, 35604)
(16276, 35668),(20000, 35604)
(7178, 36084),(7392, 35860)
(8668, 35668),(9858, 35636)
(11004, 35668),(15654, 35636)
(7178, 35700),(9858, 35668)
(11004, 35700),(20000, 35668)
(7178, 35764),(7378, 35700)
(7392, 36020),(7644, 35860)
(7644, 36084),(7792, 35860)
(7792, 36084),(8052, 35924)
(7964, 35764),(8138, 35700)
(8052, 36084),(8216, 35860)
(8660, 35764),(9152, 35700)
(9412, 35796),(9474, 35700)
(11348, 35796),(11842, 35700)
(15804, 35796),(20000, 35700)
(10124, 35764),(10618, 35732)
(10124, 35796),(10370, 35764)
(9244, 35828),(10370, 35796)
(10844, 35828),(20000, 35796)
(10932, 35892),(20000, 35828)
(8216, 36020),(8218, 35860)
(11348, 35988),(11712, 35892)
(11972, 35988),(20000, 35892)
(8218, 36020),(8458, 35924)
(8458, 36020),(9176, 35988)
(9428, 36020),(20000, 35988)
(8468, 36084),(9176, 36020)
(9428, 36052),(9858, 36020)
(10110, 36084),(20000, 36020)
(9176, 36084),(9428, 36052)
(9428, 36084),(9858, 36052)
(1018, 36724),(7106, 36244)
(7106, 36724),(7724, 36436)
(7106, 36340),(7618, 36244)
(7999, 36308),(9602, 36244)
(9854, 36308),(10272, 36244)
(18068, 36308),(20000, 36244)
(7618, 36340),(11778, 36308)
(12052, 36340),(20000, 36308)
(7724, 36436),(8216, 36340)
(8468, 36404),(8930, 36340)
(9236, 36404),(9578, 36340)
(7724, 36724),(7778, 36436)
(7778, 36724),(8364, 36628)
(7778, 36532),(8364, 36436)
(8364, 36724),(8468, 36436)
(10516, 36436),(10618, 36340)
(14804, 36436),(20000, 36340)
(8468, 36436),(8752, 36404)
(8468, 36468),(8752, 36436)
(9804, 36468),(20000, 36436)
(8468, 36564),(8618, 36468)
(8468, 36724),(8498, 36564)
(10068, 36532),(10114, 36468)
(11004, 36532),(20000, 36468)
(11004, 36564),(11058, 36532)
(8498, 36724),(8539, 36692)
(8498, 36596),(8706, 36564)
(8799, 36724),(9748, 36692)
(9748, 36724),(10524, 36628)
(10524, 36724),(10562, 36564)
(10562, 36724),(10852, 36628)
(10852, 36724),(10976, 36564)
(10976, 36660),(11058, 36564)
(11058, 36660),(11228, 36628)
(11228, 36724),(11644, 36628)
(11644, 36724),(11650, 36532)
(11964, 36628),(20000, 36532)
(11650, 36724),(20000, 36628)
(1018, 37364),(6146, 36884)
(6146, 36916),(20000, 36884)
(6146, 36980),(9058, 36916)
(9428, 36980),(14778, 36916)
(15444, 37012),(16770, 36916)
(17044, 37012),(20000, 36916)
(6146, 37364),(6578, 37140)
(6146, 37044),(7106, 36980)
(6578, 37236),(7164, 37140)
(8852, 37012),(9058, 36980)
(9428, 37012),(10610, 36980)
(10900, 37012),(14778, 36980)
(8852, 37044),(9428, 37012)
(9428, 37044),(10610, 37012)
(10900, 37076),(20000, 37012)
(10004, 37076),(10610, 37044)
(7164, 37140),(8378, 37076)
(10004, 37108),(10900, 37076)
(10900, 37108),(20000, 37076)
(11220, 37172),(20000, 37108)
(7164, 37204),(9090, 37140)
(11220, 37204),(12610, 37172)
(14844, 37268),(16664, 37172)
(16916, 37268),(20000, 37172)
(7164, 37236),(10592, 37204)
(7204, 37364),(8379, 37236)
(10852, 37268),(12610, 37204)
(8379, 37268),(10592, 37236)
(8379, 37300),(20000, 37268)
(8639, 37364),(9056, 37300)
(9308, 37364),(20000, 37300)
(1018, 38004),(8514, 37524)
(8514, 37588),(12512, 37524)
(12764, 37588),(17760, 37524)
(18012, 37588),(20000, 37524)
(8514, 37620),(20000, 37588)
(8514, 37684),(8738, 37620)
(9324, 37684),(12672, 37620)
(12932, 37684),(17922, 37620)
(18364, 37716),(18818, 37620)
(19404, 37716),(20000, 37620)
(8514, 37940),(8538, 37684)
(10260, 37748),(12226, 37684)
(12932, 37716),(17794, 37684)
(8538, 37940),(9044, 37780)
(9044, 38004),(9172, 37780)
(9172, 38004),(9258, 37716)
(9258, 38004),(10260, 37780)
(10260, 38004),(12098, 37780)
(12684, 37748),(17794, 37716)
(18204, 37780),(20000, 37716)
(10260, 37780),(12098, 37748)
(12764, 37780),(17794, 37748)
(12764, 37812),(20000, 37780)
(12844, 37876),(17898, 37812)
(12098, 38004),(12418, 37844)
(19484, 37908),(20000, 37812)
(12844, 37908),(17718, 37876)
(12418, 38004),(12844, 37908)
(12844, 38004),(17718, 37908)
(18388, 37972),(20000, 37908)
(17718, 38004),(20000, 37972)
(1018, 38644),(7978, 38164)
(7978, 38196),(20000, 38164)
(7978, 38260),(18242, 38196)
(18604, 38260),(19522, 38196)
(7978, 38644),(8224, 38420)
(7978, 38324),(8178, 38260)
(8224, 38580),(8476, 38420)
(8476, 38644),(8578, 38420)
(8578, 38644),(8852, 38548)
(8764, 38356),(8938, 38260)
(9300, 38356),(10298, 38260)
(10964, 38356),(11338, 38260)
(16212, 38292),(18242, 38260)
(18604, 38292),(18818, 38260)
(19092, 38292),(19522, 38260)
(16212, 38356),(18604, 38292)
(18604, 38356),(18818, 38292)
(19092, 38356),(20000, 38292)
(8660, 38388),(16212, 38356)
(16212, 38388),(18604, 38356)
(18604, 38388),(19092, 38356)
(19092, 38388),(20000, 38356)
(8660, 38420),(8962, 38388)
(9404, 38452),(10512, 38388)
(10772, 38484),(14978, 38388)
(16364, 38484),(18272, 38388)
(18532, 38484),(18604, 38388)
(18604, 38484),(19092, 38388)
(19092, 38484),(20000, 38388)
(8578, 38452),(8660, 38420)
(8660, 38452),(8962, 38420)
(8852, 38580),(8962, 38452)
(9406, 38484),(10512, 38452)
(8962, 38580),(9112, 38484)
(9112, 38644),(9154, 38484)
(9406, 38516),(18604, 38484)
(9154, 38644),(9406, 38548)
(9406, 38644),(10242, 38548)
(9406, 38548),(10242, 38516)
(10242, 38580),(10494, 38516)
(18604, 38516),(19092, 38484)
(19092, 38516),(20000, 38484)
(10494, 38644),(10498, 38516)
(10844, 38580),(15138, 38516)
(16244, 38644),(18604, 38516)
(18604, 38612),(19010, 38516)
(19284, 38612),(20000, 38516)
(10844, 38612),(11296, 38580)
(11548, 38644),(15138, 38580)
(10498, 38644),(10844, 38612)
(10844, 38644),(11296, 38612)
(18604, 38644),(20000, 38612)
(1018, 39284),(7746, 38804)
(7746, 39220),(8938, 38804)
(8938, 39220),(9560, 39060)
(8938, 38964),(9056, 38804)
(9308, 38836),(20000, 38804)
(9308, 38868),(10050, 38836)
(10308, 38900),(20000, 38836)
(9056, 38900),(10050, 38868)
(9056, 38964),(9138, 38900)
(9560, 39220),(9812, 39124)
(9724, 38964),(10050, 38900)
(10308, 38932),(12610, 38900)
(9812, 39220),(10130, 39060)
(19668, 38964),(19818, 38900)
(10050, 38964),(10308, 38932)
(10308, 38964),(12610, 38932)
(10130, 39220),(10388, 39124)
(10196, 39028),(10308, 38964)
(10308, 38996),(12610, 38964)
(10308, 39028),(14018, 38996)
(14302, 39060),(15384, 38996)
(15636, 39060),(15746, 38996)
(16124, 39028),(19018, 38996)
(10388, 39060),(14018, 39028)
(16124, 39060),(18938, 39028)
(10388, 39092),(18938, 39060)
(10388, 39156),(12672, 39092)
(12932, 39156),(15552, 39092)
(15812, 39156),(15874, 39092)
(16126, 39156),(18138, 39092)
(10388, 39220),(12482, 39156)
(10391, 39284),(12482, 39220)
(13004, 39188),(15552, 39156)
(13004, 39220),(15738, 39188)
(13004, 39252),(14168, 39220)
(14420, 39284),(15328, 39220)
(12482, 39284),(13004, 39252)
(13004, 39284),(14168, 39252)
(15580, 39284),(15738, 39220)
(15738, 39284),(18068, 39252)
(1018, 39924),(12162, 39444)
(12162, 39924),(12604, 39828)
(12162, 39732),(12577, 39444)
(12577, 39668),(12640, 39444)
(12892, 39476),(20000, 39444)
(12604, 39924),(13458, 39764)
(12640, 39668),(12892, 39508)
(12892, 39668),(13138, 39476)
(13138, 39604),(13338, 39476)
(14244, 39540),(16218, 39476)
(17124, 39540),(20000, 39476)
(13338, 39604),(13779, 39572)
(13458, 39924),(14324, 39828)
(13923, 39732),(14324, 39700)
(14083, 39604),(14244, 39572)
(14244, 39604),(14274, 39540)
(15484, 39572),(16218, 39540)
(17124, 39572),(18458, 39540)
(19668, 39604),(20000, 39540)
(15484, 39604),(16659, 39572)
(16963, 39604),(18458, 39572)
(14324, 39924),(14404, 39700)
(14404, 39924),(14779, 39636)
(14779, 39924),(14859, 39700)
(14859, 39924),(15163, 39764)
(15163, 39924),(15457, 39700)
(15457, 39924),(16338, 39764)
(15764, 39668),(16018, 39604)
(16338, 39924),(17204, 39828)
(17284, 39700),(17659, 39604)
(16803, 39732),(17204, 39700)
(17204, 39924),(17739, 39700)
(17739, 39924),(18043, 39764)
(18043, 39924),(18218, 39700)
(18218, 39924),(18772, 39828)
(18260, 39636),(18458, 39604)
(18260, 39700),(18859, 39636)
(18218, 39732),(18772, 39700)
(18772, 39924),(19220, 39700)
(19220, 39924),(19258, 39636)
(19258, 39924),(19671, 39700)
(19671, 39924),(19923, 39828)
(19923, 39796),(20000, 39700)
(19923, 39924),(19937, 39796)
(19937, 39924),(20000, 39892)
(20000, 22644),(20000, 22612)
(20000, 28148),(20000, 28116)
(20000, 37364),(20000, 36884)
(18080, 25396),(20000, 25364)
(19164, 25428),(20000, 25396)
(19164, 25460),(20000, 25428)
(19412, 25524),(19522, 25460)
(20000, 30324),(20000, 30228)
(20000, 36724),(20000, 36244)
(15484, 24372),(16340, 24340)
(17428, 24148),(17796, 24084)
(19284, 24116),(20000, 24084)
(19724, 24212),(20000, 24116)
(17324, 24180),(17858, 24148)
(16340, 24436),(16444, 24340)
(16444, 24436),(16450, 24276)
(16450, 24436),(16600, 24340)
(16540, 24564),(16660, 24532)
(16600, 24436),(16660, 24404)
(16660, 24564),(16706, 24404)
(16706, 24564),(17724, 24532)
(16706, 24436),(16852, 24404)
(16852, 24436),(17018, 24340)
(17018, 24436),(17632, 24404)
(17244, 24308),(17492, 24276)
(17492, 24308),(17498, 24180)
(17498, 24308),(17812, 24276)
(17724, 24564),(17892, 24468)
(17812, 24308),(17858, 24180)
(17858, 24308),(17944, 24212)
(18196, 24244),(20000, 24212)
(17892, 24564),(18618, 24404)
(18196, 24276),(18458, 24244)
(17944, 24308),(18458, 24276)
(19564, 24404),(20000, 24340)
(19404, 24436),(20000, 24404)
(19404, 24468),(20000, 24436)
(18618, 24500),(20000, 24468)
(18618, 24564),(19296, 24500)
(19548, 24564),(20000, 24500)
(20000, 22196),(20000, 22164)
(20000, 22260),(20000, 22196)
(20000, 22516),(20000, 22484)
(20000, 21108),(20000, 20884)
(20000, 21364),(20000, 21108)
(20000, 20724),(20000, 20244)
(20000, 36084),(20000, 35604)
(20000, 22004),(20000, 21524)
(20000, 29684),(20000, 29524)
(20000, 29428),(20000, 29268)
(20000, 26676),(20000, 26644)
(20000, 27124),(20000, 27028)
(20000, 39508),(20000, 39444)
(20000, 39924),(20000, 39892)
(20000, 39796),(20000, 39700)
(20000, 39604),(20000, 39508)
(20000, 38868),(20000, 38804)
(20000, 38900),(20000, 38868)
(20000, 39284),(20000, 39188)
(20000, 32532),(20000, 32468)
(20000, 32884),(20000, 32788)
(20000, 32692),(20000, 32660)
(20000, 32564),(20000, 32532)
(20000, 38644),(20000, 38292)
(20000, 38196),(20000, 38164)
(20000, 33524),(20000, 33044)
(20000, 34996),(20000, 34964)
(20000, 35092),(20000, 34996)
(20000, 35444),(20000, 35220)
(20000, 35124),(20000, 35092)
(20000, 31604),(20000, 31124)
(20000, 33748),(20000, 33684)
(20000, 33780),(20000, 33748)
(20000, 33876),(20000, 33780)
(20000, 34164),(20000, 34068)
(20000, 33972),(20000, 33876)
(20000, 28404),(20000, 28244)
(20000, 27956),(20000, 27924)
(20000, 28020),(20000, 27956)
(20000, 20084),(20000, 20000)
(20000, 27764),(20000, 27540)
(20000, 27444),(20000, 27348)
(20000, 38004),(20000, 37524)
(20000, 30004),(20000, 29844)
(20000, 31796),(20000, 31764)
(20000, 32244),(20000, 32020)
(20000, 31924),(20000, 31796)
(20000, 34356),(20000, 34324)
(20000, 34804),(20000, 34644)
(20000, 34548),(20000, 34356)
(15279, 23476),(15738, 23444)
(16844, 23508),(17850, 23444)
(18102, 23476),(19872, 23444)
(13484, 23796),(13588, 23764)
(13588, 23860),(13716, 23764)
(13716, 23860),(13796, 23700)
(13796, 23924),(13978, 23700)
(13978, 23924),(14274, 23828)
(13978, 23732),(14204, 23700)
(14204, 23732),(14292, 23636)
(15508, 23572),(15738, 23476)
(18102, 23508),(18690, 23476)
(18964, 23540),(19018, 23476)
(19412, 23508),(19872, 23476)
(16844, 23540),(18690, 23508)
(19412, 23540),(20000, 23508)
(16844, 23572),(17218, 23540)
(17964, 23636),(18178, 23540)
(14484, 23636),(14658, 23572)
(14932, 23604),(15128, 23572)
(15380, 23604),(17218, 23572)
(14932, 23636),(15042, 23604)
(17004, 23636),(17218, 23604)
(14274, 23860),(14292, 23828)
(14292, 23860),(14578, 23828)
(14292, 23828),(14578, 23636)
(14578, 23796),(14616, 23636)
(14616, 23796),(14868, 23764)
(14616, 23668),(14868, 23636)
(14868, 23796),(14932, 23636)
(14932, 23860),(15042, 23636)
(15042, 23860),(15064, 23700)
(15064, 23860),(15316, 23828)
(15064, 23732),(15192, 23700)
(15316, 23860),(15426, 23764)
(15426, 23860),(17244, 23828)
(17004, 23668),(17164, 23636)
(17164, 23732),(17244, 23636)
(17244, 23860),(17346, 23636)
(17346, 23796),(17474, 23700)
(17474, 23732),(17724, 23700)
(17724, 23732),(17738, 23636)
(17738, 23668),(18388, 23636)
(18388, 23732),(18434, 23636)
(18434, 23668),(18618, 23636)
(18972, 23860),(19084, 23828)
(19084, 23860),(19138, 23764)
(19138, 23860),(20000, 23828)
(14488, 24756),(14850, 24724)
(15316, 24756),(17794, 24724)
(13484, 24884),(13644, 24852)
(13644, 24948),(13724, 24852)
(13724, 25012),(14292, 24852)
(14740, 24788),(14850, 24756)
(15316, 24788),(15570, 24756)
(14292, 25076),(14298, 24852)
(14298, 25012),(14740, 24852)
(14740, 25012),(14858, 24788)
(14858, 25012),(14914, 24980)
(14858, 24884),(15170, 24788)
(15068, 25204),(15524, 25172)
(15170, 24820),(15444, 24788)
(15444, 24884),(15570, 24788)
(15524, 25204),(15892, 25108)
(15570, 24884),(15700, 24852)
(15700, 24948),(15828, 24852)
(15828, 24948),(15840, 24756)
(16092, 24788),(17794, 24756)
(16092, 24820),(20000, 24788)
(16092, 24852),(16938, 24820)
(17492, 24884),(17618, 24820)
(18204, 24884),(19842, 24820)
(15840, 24948),(15874, 24852)
(15874, 24884),(16092, 24852)
(15892, 25204),(15964, 25044)
(15964, 25204),(16364, 24980)
(16092, 24884),(16364, 24852)
(16364, 25204),(16418, 24852)
(16418, 25204),(17004, 25108)
(16418, 25012),(16642, 24852)
(16642, 25012),(16778, 24980)
(16642, 24884),(16938, 24852)
(17004, 25204),(17258, 25044)
(17258, 25204),(17346, 25108)
(17324, 25012),(17564, 24980)
(17346, 25140),(17474, 25108)
(17564, 25012),(17618, 24884)
(17618, 25012),(17730, 24916)
(17730, 25012),(18132, 24980)
(17839, 25204),(18620, 25172)
(18132, 25076),(18284, 24980)
(18284, 25076),(18306, 24884)
(18306, 25076),(18612, 24980)
(18612, 25076),(18620, 24884)
(18620, 25204),(18626, 24884)
(18626, 25204),(18754, 24980)
(18754, 25204),(19778, 25108)
(18754, 25012),(18878, 24980)
(18878, 25012),(19842, 24884)
(19778, 25204),(20000, 25172)
(19842, 25012),(20000, 24916)
(12948, 26036),(13634, 26004)
(14159, 26036),(15392, 26004)
(15644, 26036),(18663, 26004)
(13012, 26356),(13268, 26324)
(18964, 26068),(19010, 26004)
(13076, 26100),(13122, 26036)
(13412, 26132),(13538, 26036)
(14159, 26068),(14498, 26036)
(13140, 26484),(13268, 26452)
(13268, 26484),(13314, 26324)
(13314, 26484),(13506, 26388)
(13324, 26164),(13716, 26132)
(13506, 26484),(14084, 26452)
(13716, 26228),(13804, 26132)
(13804, 26292),(13908, 26132)
(13908, 26292),(13952, 26068)
(13952, 26292),(14212, 26196)
(13952, 26100),(14212, 26068)
(14084, 26484),(14444, 26388)
(14212, 26292),(14444, 26068)
(14444, 26484),(14498, 26068)
(14498, 26484),(14698, 26132)
(14698, 26484),(15188, 26324)
(14698, 26228),(14786, 26132)
(14786, 26228),(15188, 26196)
(15188, 26484),(15248, 26196)
(15248, 26420),(15324, 26196)
(15324, 26420),(15362, 26132)
(15362, 26356),(15498, 26132)
(15498, 26356),(15964, 26324)
(15498, 26228),(15554, 26132)
(15554, 26228),(16148, 26196)
(15964, 26420),(16148, 26324)
(16148, 26484),(16194, 26420)
(16148, 26420),(16386, 26324)
(16148, 26324),(16204, 26196)
(16204, 26324),(16276, 26132)
(16276, 26324),(16298, 26036)
(18068, 26068),(18663, 26036)
(16298, 26324),(16378, 26132)
(18068, 26100),(20000, 26068)
(18068, 26132),(18318, 26100)
(18836, 26132),(20000, 26100)
(16378, 26164),(18068, 26132)
(18068, 26164),(18318, 26132)
(18836, 26164),(20000, 26132)
(18260, 26228),(18298, 26164)
(19028, 26260),(19098, 26164)
(19804, 26260),(20000, 26164)
(16378, 26324),(16386, 26260)
(16386, 26420),(16479, 26388)
(16386, 26292),(17564, 26260)
(16479, 26484),(17564, 26388)
(17564, 26484),(18138, 26388)
(17564, 26388),(18138, 26260)
(18138, 26484),(18844, 26452)
(18138, 26356),(18218, 26260)
(18218, 26356),(18772, 26324)
(18772, 26356),(18844, 26260)
(18844, 26484),(19074, 26260)
(19074, 26420),(19138, 26260)
(19138, 26420),(19352, 26388)
(19138, 26292),(19644, 26260)
(19352, 26484),(19644, 26388)
(19644, 26484),(19714, 26388)
(19644, 26388),(19714, 26260)
(19714, 26484),(20000, 26388)
(19714, 26292),(19804, 26260)
(19804, 26292),(20000, 26260)
(16574, 30900),(18388, 30868)
(17684, 30548),(17888, 30484)
(17556, 30580),(17748, 30548)
(17748, 30644),(17964, 30548)
(17964, 30708),(17986, 30548)
(17986, 30644),(18400, 30548)
(18388, 30900),(18900, 30804)
(18652, 30580),(20000, 30548)
(18652, 30612),(20000, 30580)
(18400, 30644),(20000, 30612)
(18444, 30708),(20000, 30644)
(18900, 30964),(20000, 30804)
(6228, 28596),(10699, 28564)
(11603, 28628),(13442, 28564)
(13716, 28628),(16322, 28564)
(16596, 28628),(18016, 28564)
(18268, 28628),(18708, 28564)
(6243, 28788),(6644, 28756)
(6403, 28916),(6564, 28884)
(18968, 28628),(19040, 28564)
(19292, 28596),(20000, 28564)
(7060, 28692),(10699, 28596)
(19292, 28628),(19608, 28596)
(19860, 28660),(20000, 28596)
(11603, 28660),(19608, 28628)
(11603, 28724),(12674, 28660)
(12972, 28724),(13298, 28660)
(14164, 28724),(16178, 28660)
(17044, 28724),(18778, 28660)
(6644, 28724),(10699, 28692)
(6644, 28788),(7179, 28724)
(7483, 28788),(9440, 28724)
(9692, 28756),(10699, 28724)
(11603, 28756),(12417, 28724)
(14164, 28756),(14699, 28724)
(15003, 28820),(15297, 28724)
(17044, 28756),(17579, 28724)
(17883, 28820),(18242, 28724)
(18532, 28756),(18778, 28724)
(9692, 28788),(12417, 28756)
(13763, 28788),(14699, 28756)
(16643, 28788),(17579, 28756)
(18532, 28788),(19937, 28756)
(6724, 28884),(7099, 28788)
(7483, 28820),(9257, 28788)
(10516, 28852),(10538, 28788)
(11644, 28820),(12417, 28788)
(14244, 28852),(14619, 28788)
(17124, 28884),(17499, 28788)
(18532, 28820),(19338, 28788)
(7403, 28852),(9257, 28820)
(11644, 28852),(12978, 28820)
(14923, 28852),(15858, 28820)
(17803, 28852),(18532, 28820)
(18532, 28852),(19338, 28820)
(7403, 28884),(8578, 28852)
(12444, 28884),(12978, 28852)
(14244, 28884),(14594, 28852)
(15324, 28884),(15858, 28852)
(17803, 28884),(18050, 28852)
(18324, 28948),(18434, 28852)
(19244, 28884),(19338, 28852)
(6564, 29012),(7403, 28884)
(7403, 28948),(8578, 28884)
(12444, 28916),(13619, 28884)
(6548, 29044),(7403, 29012)
(7403, 29044),(12444, 29012)
(7403, 29012),(12444, 28948)
(13923, 28916),(14594, 28884)
(15324, 28916),(16499, 28884)
(16803, 28916),(17803, 28884)
(12444, 29044),(12568, 28948)
(17803, 28916),(18050, 28884)
(19244, 28948),(19394, 28884)
(12444, 28948),(12568, 28916)
(12568, 28980),(12820, 28916)
(12820, 29044),(13178, 28916)
(13178, 29044),(14084, 29012)
(14084, 29044),(14594, 28916)
(14594, 29044),(15324, 28948)
(15324, 29044),(15352, 28948)
(15324, 28948),(15352, 28916)
(15352, 28980),(15612, 28916)
(15612, 29044),(16058, 28916)
(16058, 29044),(16964, 29012)
(16964, 29044),(17803, 28916)
(17803, 29044),(18050, 28916)
(18050, 29044),(18324, 28948)
(18324, 29044),(19244, 28948)
(19244, 29044),(19296, 28948)
(19296, 28980),(19548, 28948)
(19548, 29044),(19724, 28948)
(19724, 29044),(19736, 28884)
(19988, 28916),(20000, 28884)
(19736, 29044),(19988, 28948)
(19988, 29044),(20000, 28916)
</grid>